20
100
62 94
2 97
66 99
95 49
81 41
99 21
36 24
37 45
88 22
13 51
67 27
19 79
48 63
61 9
38 83
57 37
37 48
60 15
6 74
44 67
78 32
92 85
58 9
39 93
3 8
31 42
21 5
41 30
97 9
46 35
9 64
21 96
57 90
14 48
40 41
10 69
97 8
62 58
66 23
48 81
85 74
77 69
27 60
66 45
82 23
11 40
77 94
23 57
24 20
4 47
24 57
64 64
50 0
5 86
78 67
7 63
99 13
31 36
19 96
49 6
77 3
99 87
93 53
7 66
58 48
73 68
85 40
35 100
1 0
57 29
13 97
93 98
2 73
65 65
26 75
6 87
20 85
84 88
52 87
86 6
4 17
0 50
76 9
100 14
85 40
14 48
75 7
98 26
98 8
1 49
43 46
28 26
41 63
59 52
85 47
1 30
4 58
48 14
88 90
17 68
